# Star  v_mag   B-V
#====================
    1  17.169   0.645
    2  17.172   0.546
    3  17.186   0.593
    4  17.191   0.622
    5  17.203   0.558
    6  17.214   0.582
    7  17.322   0.557
    8  17.328   0.569
    9  17.451   0.549
   10  17.541   0.544
   11  17.560   0.535
   12  17.678   0.543
   13  17.702   0.551
   14  17.743   0.539
   15  17.764   0.537
   16  17.826   0.536
   17  17.868   0.542
   18  17.877   0.549
   19  17.878   0.553
   20  17.888   0.559
   21  17.902   0.563
   22  17.909   0.546
   23  17.931   0.553
   24  17.956   0.550
   25  18.022   0.551
   26  18.141   0.600
   27  18.143   0.544
   28  18.173   0.586
   29  18.225   0.574
   30  18.270   0.589
   31  18.286   0.561
   32  18.377   0.593
   33  18.394   0.580
   34  18.407   0.607
   35  18.409   0.574
   36  18.410   0.590
   37  18.436   0.596
   38  18.438   0.580
   39  18.470   0.602
   40  18.471   0.594
   41  18.483   0.594
   42  18.561   0.596
   43  18.596   0.614
   44  18.618   0.586
   45  18.703   0.628
   46  18.725   0.609
   47  18.773   0.626
   48  18.778   0.628
   49  18.792   0.659
   50  18.796   0.652
   51  18.804   0.643
   52  18.896   0.634
   53  18.980   0.690
   54  19.044   0.694
   55  19.094   0.690
   56  19.120   0.679
   57  19.173   0.709
   58  19.218   0.723
   59  19.323   0.735
   60  19.349   0.738
   61  19.363   0.710
   62  19.404   0.699
   63  19.442   0.740
   64  19.461   0.670
   65  19.475   0.747
   66  19.487   0.765
   67  19.491   0.765
   68  19.494   0.697
   69  19.501   0.757
   70  19.515   0.756
   71  19.527   0.755
   72  19.529   0.774
   73  19.532   0.751
   74  19.534   0.783
   75  19.648   0.769
   76  19.650   0.736
   77  19.673   0.785
   78  19.673   0.778
   79  19.718   0.787
   80  19.831   0.810
   81  19.838   0.816
   82  19.859   0.795
   83  19.871   0.819
   84  19.886   0.809
   85  19.934   0.839
   86  19.979   0.848
   87  19.982   0.844
   88  20.060   0.851
   89  20.065   0.852
   90  20.116   0.860
   91  20.132   0.860
   92  20.137   0.894
   93  20.143   0.873
   94  20.150   0.881
   95  20.151   0.863
   96  20.175   0.883
   97  20.197   0.888
   98  20.213   0.899
   99  20.236   0.914
  100  20.316   0.918
  101  20.330   0.933
  102  20.367   0.826
  103  20.389   0.922
  104  20.392   0.927
  105  20.414   0.914
  106  20.428   0.917
  107  20.432   0.991
  108  20.471   0.916
  109  20.501   0.952
  110  20.531   0.959
  111  20.552   0.979
  112  20.557   0.981
  113  20.604   0.982
  114  20.621   0.977
  115  20.644   1.010
  116  20.666   0.971
  117  20.669   1.011
  118  20.673   0.972
  119  20.678   0.974
  120  20.732   0.971
  121  20.739   1.012
  122  20.755   0.978
  123  20.768   1.023
  124  20.809   0.980
  125  20.833   1.024
  126  20.850   1.025
  127  20.865   1.069
  128  20.883   1.016
  129  20.888   1.038
  130  20.947   1.046
  131  20.992   1.110
  132  21.001   1.097
  133  21.008   1.054
  134  21.014   1.020
  135  21.043   1.000
  136  21.085   1.012
  137  21.098   1.103
  138  21.104   1.108
  139  21.113   1.078
  140  21.114   1.085
  141  21.118   1.082
  142  21.144   1.098
  143  21.147   1.054
  144  21.149   1.080
  145  21.157   1.092
  146  21.170   1.111
  147  21.172   1.140
  148  21.185   1.106
  149  21.192   1.090
  150  21.252   1.130
  151  21.294   1.150
  152  21.295   1.159
  153  21.295   1.166
  154  21.322   1.196
  155  21.332   1.097
  156  21.353   1.172
  157  21.365   1.213
  158  21.369   1.133
  159  21.382   1.153
  160  21.410   1.118
  161  21.422   1.226
  162  21.426   1.163
  163  21.429   1.096
  164  21.479   1.181
  165  21.517   1.173
  166  21.563   1.048
  167  21.580   1.189
  168  21.583   1.144
  169  21.591   1.210
  170  21.649   1.230
  171  21.665   1.209
  172  21.672   1.209
  173  21.699   1.109
  174  21.717   1.120
  175  21.762   1.299
  176  21.768   1.295
  177  21.790   1.229
  178  21.811   1.228
  179  21.820   1.290
  180  21.823   1.283
  181  21.826   1.249
  182  21.834   1.186
  183  21.850   1.199
  184  21.865   1.141
  185  21.871   1.270
  186  21.878   1.391
  187  21.902   1.333
  188  21.968   1.365
  189  21.971   1.293
  190  21.974   1.227
  191  21.981   1.302
  192  22.039   1.313
  193  22.046   1.110
  194  22.050   1.282
  195  22.063   1.282
  196  22.070   1.344
  197  22.071   0.694
  198  22.115   0.315
  199  22.115   1.395
  200  22.117   1.434
  201  22.124   1.236
  202  22.142   1.291
  203  22.157   1.357
  204  22.163   1.273
  205  22.166   1.423
  206  22.184   1.269
  207  22.203   1.385
  208  22.203   1.291
  209  22.205   1.154
  210  22.210   1.460
  211  22.220   1.420
  212  22.260   1.428
  213  22.275   1.359
  214  22.281   1.344
  215  22.333   1.446
  216  22.350   1.476
  217  22.354   1.510
  218  22.355   1.343
  219  22.366   1.386
  220  22.373   1.509
  221  22.374   1.326
  222  22.375   1.377
  223  22.397   0.304
  224  22.470   1.210
  225  22.471   1.370
  226  22.486   1.285
  227  22.520   1.296
  228  22.524   1.357
  229  22.549   0.523
  230  22.555   1.400
  231  22.607   0.456
  232  22.612   1.230
  233  22.618   1.594
  234  22.626   0.441
  235  22.635   1.331
  236  22.638   1.206
  237  22.647   1.584
  238  22.650   1.253
  239  22.657   1.162
  240  22.659   1.369
  241  22.671   1.386
  242  22.672   1.318
  243  22.758   1.325
  244  22.769   1.485
  245  22.773   1.154
  246  22.796   1.414
  247  22.823   0.447
  248  22.843   1.350
  249  22.857   1.310
  250  22.857   1.433
  251  22.865   1.388
  252  22.872   1.672
  253  22.884   1.221
  254  22.913   1.453
  255  22.932   1.123
  256  22.936  -0.092
  257  22.949   1.403
  258  22.964   0.326
  259  22.972   1.623
  260  22.974   1.436
  261  22.976   1.440
  262  22.987   1.331
  263  22.987   1.593
  264  22.988   1.486
  265  23.025   1.481
  266  23.028   1.428
  267  23.048   0.354
  268  23.049   1.382
  269  23.052   1.568
  270  23.061   1.451
  271  23.072   1.478
  272  23.073   1.469
  273  23.091   1.389
  274  23.096   1.465
  275  23.136   1.451
  276  23.145   1.399
  277  23.158   1.421
  278  23.174   1.370
  279  23.177   1.160
  280  23.190   1.336
  281  23.259   1.391
  282  23.283   1.424
  283  23.305   1.649
  284  23.355   1.365
  285  23.371   1.797
  286  23.375   1.787
  287  23.401   1.603
  288  23.406   1.515
  289  23.406   1.661
  290  23.453   1.371
  291  23.458   1.522
  292  23.481   1.549
  293  23.495   1.388
  294  23.503   1.894
  295  23.506   1.196
  296  23.521   1.458
  297  23.527   1.399
  298  23.528   1.485
  299  23.546   1.528
  300  23.548   1.463
  301  23.555   1.936
  302  23.590   1.536
  303  23.604   1.503
  304  23.618   1.359
  305  23.628   1.332
  306  23.633   1.259
  307  23.688   0.412
  308  23.721   1.296
  309  23.831   1.678
  310  23.848   1.361
  311  23.952   1.467
  312  23.978   1.585
  313  17.141   0.587
  314  17.183   0.632
  315  17.200   0.669
  316  17.225   0.591
  317  17.226   0.590
  318  17.306   0.558
  319  17.309   0.604
  320  17.343   0.557
  321  17.351   0.553
  322  17.364   0.550
  323  17.460   0.549
  324  17.468   0.540
  325  17.484   0.528
  326  17.531   0.548
  327  17.546   0.545
  328  17.593   0.524
  329  17.626   0.546
  330  17.641   0.533
  331  17.657   0.549
  332  17.673   0.542
  333  17.685   0.559
  334  17.706   0.548
  335  17.707   0.545
  336  17.712   0.583
  337  17.717   0.531
  338  17.719   0.543
  339  17.777   0.543
  340  17.785   0.548
  341  17.850   0.542
  342  17.928   0.545
  343  17.941   0.548
  344  17.946   0.554
  345  17.951   0.564
  346  17.964   0.528
  347  17.990   0.574
  348  18.002   0.548
  349  18.033   0.564
  350  18.037   0.558
  351  18.070   0.561
  352  18.080   0.587
  353  18.106   0.568
  354  18.106   0.544
  355  18.113   0.547
  356  18.132   0.551
  357  18.144   0.561
  358  18.151   0.578
  359  18.157   0.628
  360  18.230   0.585
  361  18.273   0.582
  362  18.316   0.568
  363  18.329   0.548
  364  18.360   0.601
  365  18.392   0.578
  366  18.404   0.591
  367  18.427   0.601
  368  18.433   0.603
  369  18.453   0.589
  370  18.465   0.592
  371  18.467   0.590
  372  18.472   0.606
  373  18.481   0.609
  374  18.495   0.614
  375  18.506   0.620
  376  18.509   0.598
  377  18.518   0.598
  378  18.580   0.614
  379  18.592   0.628
  380  18.602   0.602
  381  18.620   0.619
  382  18.679   0.644
  383  18.717   0.603
  384  18.720   0.613
  385  18.733   0.675
  386  18.738   0.683
  387  18.778   0.652
  388  18.791   0.625
  389  18.802   0.652
  390  18.806   0.640
  391  18.816   0.622
  392  18.822   0.636
  393  18.823   0.645
  394  18.831   0.656
  395  18.842   0.674
  396  18.844   0.688
  397  18.866   0.636
  398  18.868   0.687
  399  18.896   0.639
  400  18.899   0.660
  401  18.904   0.646
  402  18.918   0.671
  403  18.941   0.684
  404  18.944   0.655
  405  18.952   0.689
  406  18.976   0.696
  407  18.993   0.838
  408  19.023   0.704
  409  19.061   0.663
  410  19.102   0.693
  411  19.105   0.704
  412  19.127   0.690
  413  19.144   0.687
  414  19.161   0.703
  415  19.193   0.733
  416  19.202   0.684
  417  19.217   0.726
  418  19.317   0.738
  419  19.339   0.722
  420  19.368   0.735
  421  19.371   0.712
  422  19.430   0.665
  423  19.482   0.753
  424  19.503   0.708
  425  19.505   0.766
  426  19.513   0.803
  427  19.517   0.770
  428  19.519   0.770
  429  19.537   0.757
  430  19.563   0.783
  431  19.600   0.753
  432  19.600   0.730
  433  19.637   0.754
  434  19.688   0.794
  435  19.704   0.782
  436  19.708   0.703
  437  19.713   0.749
  438  19.723   0.802
  439  19.758   0.793
  440  19.763   0.797
  441  19.764   0.759
  442  19.765   1.065
  443  19.818   0.833
  444  19.820   0.830
  445  19.832   0.830
  446  19.833   0.806
  447  19.839   0.795
  448  19.845   0.819
  449  19.850   0.825
  450  19.878   0.827
  451  19.885   0.848
  452  19.937   0.821
  453  19.938   0.841
  454  19.944   0.835
  455  19.982   0.889
  456  20.017   0.866
  457  20.029   0.849
  458  20.036   0.855
  459  20.042   0.852
  460  20.101   0.868
  461  20.128   0.876
  462  20.178   0.870
  463  20.185   0.914
  464  20.193   0.934
  465  20.198   0.864
  466  20.203   0.897
  467  20.214   0.875
  468  20.217   0.861
  469  20.245   0.869
  470  20.247   0.920
  471  20.296   0.910
  472  20.334   0.942
  473  20.344   0.947
  474  20.360   0.925
  475  20.379   0.941
  476  20.390   0.934
  477  20.399   0.929
  478  20.403   0.979
  479  20.414   0.959
  480  20.447   0.926
  481  20.454   0.963
  482  20.465   1.009
  483  20.489   0.963
  484  20.523   0.983
  485  20.525   0.974
  486  20.535   0.956
  487  20.555   0.964
  488  20.558   0.974
  489  20.598   0.984
  490  20.604   0.944
  491  20.608   1.002
  492  20.616   0.996
  493  20.624   0.994
  494  20.632   1.011
  495  20.657   1.054
  496  20.689   0.996
  497  20.704   1.041
  498  20.712   1.010
  499  20.720   0.969
  500  20.770   0.996
  501  20.808   1.902
  502  20.830   1.060
  503  20.860   1.036
  504  20.893   1.001
  505  20.903   0.991
  506  20.909   1.048
  507  20.954   1.087
  508  20.960   0.995
  509  20.978   1.112
  510  21.016   1.082
  511  21.017   1.044
  512  21.025   1.029
  513  21.030   1.108
  514  21.102   1.095
  515  21.103   1.081
  516  21.112   1.114
  517  21.162   1.130
  518  21.164   1.128
  519  21.169   1.075
  520  21.179   1.096
  521  21.193   1.201
  522  21.195   1.081
  523  21.254   1.163
  524  21.260   1.156
  525  21.270   1.067
  526  21.309   1.178
  527  21.319   1.215
  528  21.335   1.181
  529  21.351   1.153
  530  21.360   1.155
  531  21.397   1.115
  532  21.434   1.052
  533  21.445   0.391
  534  21.471   0.522
  535  21.513   1.090
  536  21.521   1.213
  537  21.532   1.195
  538  21.560   1.209
  539  21.560   1.254
  540  21.589   1.267
  541  21.603   1.219
  542  21.615   1.310
  543  21.623   1.063
  544  21.630   1.288
  545  21.647   1.274
  546  21.651   1.179
  547  21.655   1.266
  548  21.662   1.386
  549  21.694   1.088
  550  21.721   1.244
  551  21.721   1.222
  552  21.749   1.234
  553  21.804   1.271
  554  21.847   1.183
  555  21.853   1.221
  556  21.872   1.330
  557  21.874   1.244
  558  21.893   1.169
  559  21.906   1.339
  560  21.931   1.265
  561  21.950   1.411
  562  21.992   1.265
  563  21.993   1.226
  564  22.010   1.323
  565  22.040   1.429
  566  22.062   1.319
  567  22.064   1.388
  568  22.067   1.313
  569  22.071   1.266
  570  22.085   1.386
  571  22.090   1.309
  572  22.090   1.425
  573  22.160   1.097
  574  22.166   1.362
  575  22.167   1.135
  576  22.178   1.309
  577  22.181   1.384
  578  22.182   1.391
  579  22.197   1.280
  580  22.211   1.049
  581  22.215   1.336
  582  22.220   1.335
  583  22.244   1.313
  584  22.255   1.321
  585  22.264   1.383
  586  22.295   1.305
  587  22.330   1.303
  588  22.346   1.202
  589  22.354   1.159
  590  22.356   1.286
  591  22.374   1.266
  592  22.378   1.285
  593  22.382   1.075
  594  22.416   1.371
  595  22.418   1.611
  596  22.421   1.237
  597  22.424   1.621
  598  22.426   1.419
  599  22.431   1.491
  600  22.445   1.288
  601  22.446   1.532
  602  22.458   1.495
  603  22.470   1.436
  604  22.490   1.333
  605  22.494   1.409
  606  22.521   1.426
  607  22.524   1.193
  608  22.529   1.163
  609  22.529   1.215
  610  22.532   1.292
  611  22.552   1.368
  612  22.554   1.127
  613  22.569   1.257
  614  22.596   1.297
  615  22.605   1.421
  616  22.627   1.005
  617  22.631   1.588
  618  22.637   1.631
  619  22.639   1.329
  620  22.651   1.092
  621  22.668   1.486
  622  22.668   0.327
  623  22.670   1.070
  624  22.709   1.275
  625  22.716   1.511
  626  22.722   1.532
  627  22.728   1.160
  628  22.774   1.392
  629  22.790   1.484
  630  22.791   1.489
  631  22.795   1.590
  632  22.800   1.489
  633  22.801   1.397
  634  22.847   1.293
  635  22.859   1.267
  636  22.863   1.370
  637  22.871   1.639
  638  22.879   1.274
  639  22.882   1.277
  640  22.890   1.221
  641  22.891   0.716
  642  22.894   1.406
  643  22.904   1.664
  644  22.907   1.113
  645  22.919   1.307
  646  22.924   1.257
  647  22.964   1.435
  648  22.967   1.581
  649  22.991   1.291
  650  23.003   0.386
  651  23.010   1.320
  652  23.022   1.478
  653  23.046   1.324
  654  23.079   1.274
  655  23.079   1.213
  656  23.113   1.547
  657  23.154   1.279
  658  23.179   1.177
  659  23.186   1.370
  660  23.205   1.291
  661  23.248   0.281
  662  23.260   1.543
  663  23.265   0.276
  664  23.312   0.493
  665  23.315   1.599
  666  23.320   1.687
  667  23.349   1.419
  668  23.389   1.757
  669  23.401   0.564
  670  23.406   1.558
  671  23.420   1.698
  672  23.424   1.485
  673  23.443   1.773
  674  23.446   1.394
  675  23.457   1.747
  676  23.516   1.472
  677  23.527   0.944
  678  23.616   0.667
  679  23.621   1.259
  680  23.631   1.377
  681  23.635   1.408
  682  23.666   1.289
