#        V          B-V
#
       18.45       0.745
       18.45       0.646
       18.47       0.693
       18.47       0.722
       18.48       0.658
       18.49       0.682
        18.6       0.657
       18.61       0.669
       18.73       0.649
       18.82       0.644
       18.84       0.635
       18.96       0.643
       18.98       0.651
       19.02       0.639
       19.04       0.637
       19.11       0.636
       19.15       0.642
       19.16       0.649
       19.16       0.653
       19.17       0.659
       19.18       0.663
       19.19       0.646
       19.21       0.653
       19.24        0.65
        19.3       0.651
       19.42         0.7
       19.42       0.644
       19.45       0.686
        19.5       0.674
       19.55       0.689
       19.57       0.661
       19.66       0.693
       19.67        0.68
       19.69       0.707
       19.69       0.674
       19.69        0.69
       19.72       0.696
       19.72        0.68
       19.75       0.702
       19.75       0.694
       19.76       0.694
       19.84       0.696
       19.88       0.714
        19.9       0.686
       19.98       0.728
          20       0.709
       20.05       0.726
       20.06       0.728
       20.07       0.759
       20.08       0.752
       20.08       0.743
       20.18       0.734
       20.26        0.79
       20.32       0.794
       20.37        0.79
        20.4       0.779
       20.45       0.809
        20.5       0.823
        20.6       0.835
       20.63       0.838
       20.64        0.81
       20.68       0.799
       20.72        0.84
       20.74        0.77
       20.75       0.847
       20.77       0.865
       20.77       0.865
       20.77       0.797
       20.78       0.857
       20.79       0.856
       20.81       0.855
       20.81       0.874
       20.81       0.851
       20.81       0.883
       20.93       0.869
       20.93       0.836
       20.95       0.885
       20.95       0.878
          21       0.887
       21.11        0.91
       21.12       0.916
       21.14       0.895
       21.15       0.919
       21.17       0.909
       21.21       0.939
       21.26       0.948
       21.26       0.944
       21.34       0.951
       21.34       0.952
        21.4        0.96
       21.41        0.96
       21.42       0.994
       21.42       0.973
       21.43       0.981
       21.43       0.963
       21.45       0.983
       21.48       0.988
       21.49       0.999
       21.52       1.014
        21.6       1.018
       21.61       1.033
       21.65       0.926
       21.67       1.022
       21.67       1.027
       21.69       1.014
       21.71       1.017
       21.71       1.091
       21.75       1.016
       21.78       1.052
       21.81       1.059
       21.83       1.079
       21.84       1.081
       21.88       1.082
        21.9       1.077
       21.92        1.11
       21.95       1.071
       21.95       1.111
       21.95       1.072
       21.96       1.074
       22.01       1.071
       22.02       1.112
       22.03       1.078
       22.05       1.123
       22.09        1.08
       22.11       1.124
       22.13       1.125
       22.14       1.169
       22.16       1.116
       22.17       1.138
       22.23       1.146
       22.27        1.21
       22.28       1.197
       22.29       1.154
       22.29        1.12
       22.32         1.1
       22.36       1.112
       22.38       1.203
       22.38       1.208
       22.39       1.178
       22.39       1.185
        22.4       1.182
       22.42       1.198
       22.43       1.154
       22.43        1.18
       22.44       1.192
       22.45       1.211
       22.45        1.24
       22.46       1.206
       22.47        1.19
       22.53        1.23
       22.57        1.25
       22.57       1.259
       22.57       1.266
        22.6       1.296
       22.61       1.197
       22.63       1.272
       22.64       1.313
       22.65       1.233
       22.66       1.253
       22.69       1.218
        22.7       1.326
       22.71       1.263
       22.71       1.196
       22.76       1.281
        22.8       1.273
       22.84       1.148
       22.86       1.289
       22.86       1.244
       22.87        1.31
       22.93        1.33
       22.94       1.309
       22.95       1.309
       22.98       1.209
          23        1.22
       23.04       1.399
       23.05       1.395
       23.07       1.329
       23.09       1.328
        23.1        1.39
        23.1       1.383
       23.11       1.349
       23.11       1.286
       23.13       1.299
       23.14       1.241
       23.15        1.37
       23.16       1.491
       23.18       1.433
       23.25       1.465
       23.25       1.393
       23.25       1.327
       23.26       1.402
       23.32       1.413
       23.33        1.21
       23.33       1.382
       23.34       1.382
       23.35       1.444
       23.35       0.794
       23.39       0.415
       23.39       1.495
        23.4       1.534
        23.4       1.336
       23.42       1.391
       23.44       1.457
       23.44       1.373
       23.45       1.523
       23.46       1.369
       23.48       1.485
       23.48       1.391
       23.48       1.254
       23.49        1.56
        23.5        1.52
       23.54       1.528
       23.55       1.459
       23.56       1.444
       23.61       1.546
       23.63       1.576
       23.63        1.61
       23.63       1.443
       23.65       1.486
       23.65       1.609
       23.65       1.426
       23.65       1.477
       23.68       0.404
       23.75        1.31
       23.75        1.47
       23.77       1.385
        23.8       1.396
        23.8       1.457
       23.83       0.623
       23.83         1.5
       23.89       0.556
       23.89        1.33
        23.9       1.694
       23.91       0.541
       23.91       1.431
       23.92       1.306
       23.93       1.684
       23.93       1.353
       23.94       1.262
       23.94       1.469
       23.95       1.486
       23.95       1.418
       24.04       1.425
       24.05       1.585
       24.05       1.254
       24.08       1.514
        24.1       0.547
       24.12        1.45
       24.14        1.41
       24.14       1.533
       24.14       1.488
       24.15       1.772
       24.16       1.321
       24.19       1.553
       24.21       1.223
       24.22       0.008
       24.23       1.503
       24.24       0.426
       24.25       1.723
       24.25       1.536
       24.26        1.54
       24.27       1.431
       24.27       1.693
       24.27       1.586
        24.3       1.581
       24.31       1.528
       24.33       0.454
       24.33       1.482
       24.33       1.668
       24.34       1.551
       24.35       1.578
       24.35       1.569
       24.37       1.489
       24.38       1.565
       24.42       1.551
       24.42       1.499
       24.44       1.521
       24.45        1.47
       24.46        1.26
       24.47       1.436
       24.54       1.491
       24.56       1.524
       24.58       1.749
       24.63       1.465
       24.65       1.897
       24.65       1.887
       24.68       1.703
       24.69       1.615
       24.69       1.761
       24.73       1.471
       24.74       1.622
       24.76       1.649
       24.77       1.488
       24.78       1.994
       24.79       1.296
        24.8       1.558
       24.81       1.499
       24.81       1.585
       24.83       1.628
       24.83       1.563
       24.83       2.036
       24.87       1.636
       24.88       1.603
        24.9       1.459
       24.91       1.432
       24.91       1.359
       24.97       0.512
          25       1.396
       25.11       1.778
       25.13       1.461
       25.23       1.567
       25.26       1.685
       18.42       0.687
       18.46       0.732
       18.48       0.769
        18.5       0.691
       18.51        0.69
       18.59       0.658
       18.59       0.704
       18.62       0.657
       18.63       0.653
       18.64        0.65
       18.74       0.649
       18.75        0.64
       18.76       0.628
       18.81       0.648
       18.83       0.645
       18.87       0.624
       18.91       0.646
       18.92       0.633
       18.94       0.649
       18.95       0.642
       18.96       0.659
       18.99       0.648
       18.99       0.645
       18.99       0.683
          19       0.631
          19       0.643
       19.06       0.643
       19.06       0.648
       19.13       0.642
       19.21       0.645
       19.22       0.648
       19.23       0.654
       19.23       0.664
       19.24       0.628
       19.27       0.674
       19.28       0.648
       19.31       0.664
       19.32       0.658
       19.35       0.661
       19.36       0.687
       19.39       0.668
       19.39       0.644
       19.39       0.647
       19.41       0.651
       19.42       0.661
       19.43       0.678
       19.44       0.728
       19.51       0.685
       19.55       0.682
        19.6       0.668
       19.61       0.648
       19.64       0.701
       19.67       0.678
       19.68       0.691
       19.71       0.701
       19.71       0.703
       19.73       0.689
       19.74       0.692
       19.75        0.69
       19.75       0.706
       19.76       0.709
       19.77       0.714
       19.79        0.72
       19.79       0.698
        19.8       0.698
       19.86       0.714
       19.87       0.728
       19.88       0.702
        19.9       0.719
       19.96       0.744
          20       0.703
          20       0.713
       20.01       0.775
       20.02       0.783
       20.06       0.752
       20.07       0.725
       20.08       0.752
       20.09        0.74
        20.1       0.722
        20.1       0.736
        20.1       0.745
       20.11       0.756
       20.12       0.774
       20.12       0.788
       20.15       0.736
       20.15       0.787
       20.18       0.739
       20.18        0.76
       20.18       0.746
        20.2       0.771
       20.22       0.784
       20.22       0.755
       20.23       0.789
       20.26       0.796
       20.27       0.938
        20.3       0.804
       20.34       0.763
       20.38       0.793
       20.38       0.804
       20.41        0.79
       20.42       0.787
       20.44       0.803
       20.47       0.833
       20.48       0.784
        20.5       0.826
        20.6       0.838
       20.62       0.822
       20.65       0.835
       20.65       0.812
       20.71       0.765
       20.76       0.853
       20.78       0.808
       20.78       0.866
       20.79       0.903
        20.8        0.87
        20.8        0.87
       20.82       0.857
       20.84       0.883
       20.88       0.853
       20.88        0.83
       20.92       0.854
       20.97       0.894
       20.98       0.882
       20.99       0.803
       20.99       0.849
          21       0.902
       21.04       0.893
       21.04       0.897
       21.04       0.859
       21.04       1.165
        21.1       0.933
        21.1        0.93
       21.11        0.93
       21.11       0.906
       21.12       0.895
       21.12       0.919
       21.13       0.925
       21.16       0.927
       21.16       0.948
       21.22       0.921
       21.22       0.941
       21.22       0.935
       21.26       0.989
        21.3       0.966
       21.31       0.949
       21.32       0.955
       21.32       0.952
       21.38       0.968
       21.41       0.976
       21.46        0.97
       21.46       1.014
       21.47       1.034
       21.48       0.964
       21.48       0.997
       21.49       0.975
        21.5       0.961
       21.52       0.969
       21.53        1.02
       21.58        1.01
       21.61       1.042
       21.62       1.047
       21.64       1.025
       21.66       1.041
       21.67       1.034
       21.68       1.029
       21.68       1.079
       21.69       1.059
       21.73       1.026
       21.73       1.063
       21.74       1.109
       21.77       1.063
        21.8       1.083
        21.8       1.074
       21.81       1.056
       21.83       1.064
       21.84       1.074
       21.88       1.084
       21.88       1.044
       21.89       1.102
        21.9       1.096
        21.9       1.094
       21.91       1.111
       21.94       1.154
       21.97       1.096
       21.98       1.141
       21.99        1.11
          22       1.069
       22.05       1.096
       22.09       2.002
       22.11        1.16
       22.14       1.136
       22.17       1.101
       22.18       1.091
       22.19       1.148
       22.23       1.187
       22.24       1.095
       22.26       1.212
        22.3       1.182
        22.3       1.144
        22.3       1.129
       22.31       1.208
       22.38       1.195
       22.38       1.181
       22.39       1.214
       22.44        1.23
       22.44       1.228
       22.45       1.175
       22.46       1.196
       22.47       1.301
       22.47       1.181
       22.53       1.263
       22.54       1.256
       22.55       1.167
       22.59       1.278
        22.6       1.315
       22.61       1.281
       22.63       1.253
       22.64       1.255
       22.68       1.215
       22.71       1.152
       22.72       0.491
       22.75       0.622
       22.79        1.19
        22.8       1.313
       22.81       1.295
       22.84       1.309
       22.84       1.354
       22.87       1.367
       22.88       1.319
       22.89        1.41
        22.9       1.163
       22.91       1.388
       22.93       1.374
       22.93       1.279
       22.93       1.366
       22.94       1.486
       22.97       1.188
          23       1.344
          23       1.322
       23.03       1.334
       23.08       1.371
       23.13       1.283
       23.13       1.321
       23.15        1.43
       23.15       1.344
       23.17       1.269
       23.19       1.439
       23.21       1.365
       23.23       1.511
       23.27       1.365
       23.27       1.326
       23.29       1.423
       23.32       1.529
       23.34       1.419
       23.34       1.488
       23.35       1.413
       23.35       1.366
       23.36       1.486
       23.37       1.409
       23.37       1.525
       23.44       1.197
       23.45       1.462
       23.45       1.235
       23.46       1.409
       23.46       1.484
       23.46       1.491
       23.48        1.38
       23.49       1.149
       23.49       1.436
        23.5       1.435
       23.52       1.413
       23.53       1.421
       23.54       1.483
       23.57       1.405
       23.61       1.403
       23.63       1.302
       23.63       1.259
       23.64       1.386
       23.65       1.366
       23.66       1.385
       23.66       1.175
        23.7       1.471
        23.7       1.711
        23.7       1.337
        23.7       1.721
       23.71       1.519
       23.71       1.591
       23.72       1.388
       23.73       1.632
       23.74       1.595
       23.75       1.536
       23.77       1.433
       23.77       1.509
        23.8       1.526
        23.8       1.293
       23.81       1.263
       23.81       1.315
       23.81       1.392
       23.83       1.468
       23.83       1.227
       23.85       1.357
       23.88       1.397
       23.88       1.521
       23.91       1.105
       23.91       1.688
       23.92       1.731
       23.92       1.429
       23.93       1.192
       23.95       1.586
       23.95       0.427
       23.95        1.17
       23.99       1.375
          24       1.611
          24       1.632
       24.01        1.26
       24.05       1.492
       24.07       1.584
       24.07       1.589
       24.07        1.69
       24.08       1.589
       24.08       1.497
       24.13       1.393
       24.14       1.367
       24.14        1.47
       24.15       1.739
       24.16       1.374
       24.16       1.377
       24.17       1.321
       24.17       0.816
       24.17       1.506
       24.18       1.764
       24.19       1.213
        24.2       1.407
        24.2       1.357
       24.24       1.535
       24.25       1.681
       24.27       1.391
       24.28       0.486
       24.29        1.42
        24.3       1.578
       24.33       1.424
       24.36       1.374
       24.36       1.313
       24.39       1.647
       24.43       1.379
       24.46       1.277
       24.47        1.47
       24.48       1.391
       24.53       0.381
       24.54       1.643
       24.54       0.376
       24.59       0.593
       24.59       1.699
        24.6       1.787
       24.63       1.519
       24.67       1.857
       24.68       0.664
       24.69       1.658
        24.7       1.798
        24.7       1.585
       24.72       1.873
       24.73       1.494
       24.74       1.847
        24.8       1.572
       24.81       1.044
        24.9       0.767
        24.9       1.359
       24.91       1.477
       24.91       1.508
       24.95       1.389
